1-203-113-7442
  10482542521
10788718128
12303888308
17 448757733
15010304371
18345358806
13622602005
143 47703087
1706 6683861
11676 771146
11223 100720
18374506732
143 33265286
150 84772614
17506606285
138 16145215
144654 16308
12765777 645
13351256 338
1580452 3608
1636544 4450
11372427105
11284 312808
13110 004863
10283 235663
17207710572
1384 8687017
1322 4832465
121 41611448
132 21281045
140 40107616
188581 78388
15066560 434
167866354 84
13532736185
18827060206
15330570163
16182 437552
10147108080
1611 2740351
17333270044
166 44833560
14585 775428
18335416558
1017015 0544
1772555 2788
1700238 0036
11001505273
17680728816
13783 215661
18227 805583
14474256523
1866 8283706
11852373168
185 16712418
141 71246862
126 30480131
11657618318
17 787022013
14 731006853
17 721127333
1022 2612464
135808 74158
14280031 342
13586816 822
16415235 107
1124106 1 782
113337 16505
157317 15281
12070406471
15065 478071
162762 66311
1141618 8113
15034406 218
148160321  14
11773440101
1238417 2301
1400651 4086
13023385385
164036 61538
  157535 73100
11 054167628
14204023401
10 148818108
11 844235758
16 003080640
1238 3015238
104166 02210
12144374 256
1656773722 3
1274218178 7
18168332406
1506053834 5
10604883514
1562 6652105
1381284 0543
14314331473
16753182642
13404206  276
12441533474
10862523638
1316 1858323
16408512612
17884084242
15867077620
107  15230413
15470411641
17237003505
18373425678
10776185643
12078886403
16770662234
16174232625
13230724547
17163361680
10558476677
17238082740
12711172636
13121264824
14045005642
11703121160
12344506513
11385158317
14402482516
16145768505
12547124120
17426646726
12622463516
13640522288
12387274760
16367543582
16668546316
13811610611
12083218502
16256537021
13288035370
17337723051
15203888770
10316178117
11005551767
11131087576
14848407865
11477151788
16056107284
13630407536
17014142180
18466258560
13304375580
14861581114
16851186030
10447345445
12723033848
18750411318
12723621454
15581831476
17153426620
18647113223
11117715605
14338866206
10182  783275
10852823714
12135655771
14248174284
187703 53837
14155450013
12802041506
17860242471
16316722602
177715 57012
1566 7112753
11756133688
11155005830
1 1784180130
11566006542
1876r1880225
1128e0074332
16136532588
136754a78866
13501113677
12813285586
17658e363562
12848810817
184142e65065
10434168108
12528783042
1545822e4035
10001528857
15074357713
13557060614
16300257451
14151420118
13644705033
10585516571
15402247626
10383846134
11278234335
10322232647
14510584856
17235067763
13842131535
14625851835
12270242271
15178135305
16458658102
13828564282
18536128574
17058101152
17060310565
11767255788
13622383085
17514406200
15875125052
18238272284
15265384382
10780210043
16475801261
13754457258
12386466340
16621187142
18380612658
11786121480
16040576823
13678158701
10314706331
12106774157
18265156123
15712535285
11855771532
13522210203
15672561235
17273143642
14718470753
18218277534
1858s3228480
15350881444
112253816r03
11702187220
18608206375
18366062263
14335442643
18282825830
11146512856
15518617731
12618416251
10142437671
12504615274
18888851471
18618328843
10661wer225330
14828222245
13540151314
183320wer77673
14257123373
16344538615
11482787473
11046837461
154er65606336
17436257630
15526701123
13685838388
17084118545
1324811634rw4
108306571rw46
1821046arw0643
123808r45721
14458e071832
11622580441
11735451674
18554843873
15523587583
10214582003
14246163436
10683357306
10087086638
17251552021
142855gf40474
16007465582
15873841023
11101017237
16036684536
12264gf870030
14445343385
16765652274
17276368578
15004382726
14126467466
18567fdg743870
18516831370
10338577054
15787363087
13870132846
11877627626
18874801877
13018607180
16615185833
11032867521
17738000356
14171050103
12273521804
15325823251
12572616606
13657477125
13644487238
17638532638
11572006855
11055710151
12642645328
13247601333
15850332304
12765442262
17283141600
10307338454
11533324023
16155003320
16578401850
11800465284
13142626357
15747681023
15143002351
12374842220
18870380536
14377428251
18140675742
14115028303
11264267487
15337186110
14414155670
15318481341
15023512436
14658272416
14433237524
12122200380
155183r82671
18462517024
17306781135
12718301302
101333g71375
15172612624
12317441214
11828502348
18535875730
10024188238
17710023530
15448505635
13431872313
17731622542
14780266334
12113382308
14801456816
1182r7350321
10573665148
16525112484
11826262015
17717872871
13406760706
10072224835
13607207716
18310235772
17006081844
16818146112
15243801778
10206718021
158d00dfg258472
174d04664153
13121431188
148d41456641
1067d6364328
1036d5gf161185
1155d3072203
14724386542
12272042411
1634647 4861
1418837   0434
10188 0 fdg51770
10850568552
1473 2842146
16815 761576
1181  1614051
1235 1210702
1637 2477762
14222322336
1487 3855312
13508020371
158841 70365
120120 38017
147783 26563
181481 34616
133518 36562
147451 35077
141204 88830
182104 50063
108 3 7801433
12 537140837
10 560387805
14 540142452
13 142831352
15 632527827
11 881152565
11018123720
137 78710118
117 75504274
12843801245
1251 7338404
14510 484777
18272 128373
13068 017850
18748 850727
16220 717588
10250 666672
12471 786725
11648356625
126350 04124
127708  4 5612
1641820 3035
1374255 8524
1330355 6651
1564452 7116
1010458 4008
1823836 8436
1413632 5451
1026638 4202
1176745 1430
13477 4 25815
1336 5615623
1061 8146434
1350 4027217
1402 2320163
1016 3742803
1522 5448866
1822 0421444
1488 3520151
1404 dfg0536272
1012 7843342
10544202656
12785 254602
16681 147324
12477 832612
18156 430750
1852fd g1207323
151786 84060
18641082822
1870784 4408
17023721070
1641177 7084
1138622d fg6001
10513753 335
10016176 368
107252df g53817
15425275 831
16721123146
12675848 2 01
16605  574137
1214254 8730
1826 1 328321
125 84233668
107 22768545
176 54573280
132 62120865
158 62124288
183 61607228
171 42218187
124 444r62601
145 71420438
1851 4015472
1378623r4407
184s  23844673
12478610253
173 85670008
1531 0834106
1581 1124252
1552 7326683
1665 8741346
1606 4831452
1142 6726415
1366 6265677
16276110524
11232 262771
10626 040277
15780413134
186336  65118
173648 42118
1305 7338560
142 51342360
17567787806
1176 4142318
14462054343
17870 485205
16280847853
152266 11826
12236803622
15503532885
10485442418
8225704107
14382081844
10845852567
14557846678
17301087761
11561748857
16131548221
17447852205
13505573037
11857057424
10286112085
15326225811
18037161523
17340034405
11761120574
18566001558
14822422471
13636155713
10311355848
14425278848
11  533621804
17352863283
11711534346
100 13883224
18851163736
18571186424
12325712205
14350266661
14727713046
11177446800
11703121551
15756046547
18742627766
16364015225
16124428623
14204858823
12454387124
1214v3616003
12156546251
14664163170
16484125351
12610108062
16088664134
11254070367
13262644534
17778706784
13663461353
10664254564
12870800324
14712461188
12218371576
17506143233
15514114463
13835864804
11643827871
18660075628
15054282856
12036758476
15102866366
10883044410
11683233710
16134086361
13621401021
12855205601
1632 6214566
13432030817
15746855432
17248  760483
13175061028
15242853235
17646555553
14845777127
14521265872
13005146420
12060608732
17281126004
18828600325
16036675606
18853404661
16326404840
16358865333
10248576754
11172702712
14163418352
16014252781
12351030240
13707580360
18171711320
14373527834
17635310437
11877116300
14656715310
12354520765
11232108068
18780210566
15138583642
18575407176
1241  1022114
14312188282
18245250778
12243334044
18781 862767
12302077703
16451854070
10642747716
15587780088
10651682787
16785000550
14227845588
14552852032
17148327228
13005371346
16184788456
17417202175
12225212716
18182017401
13138240647
14r011343706
11485566878
11630466776
16013165487
16633276612
16071077028
12447😡336407
185 80568302
12056310173
16205744654
12824328407
12081141241
17747612728
14616805882
12732564172
15418802075
14673543718
11148258455
12310578022
16820863616
15580613343
15626665161
14082746437
11336243026
10624448266
15186481521
12583772282
18077220813
16155864045
14550758156
1766  2844254
14813580644
16051033218
10226058230
14621551058
14831462674
12077 357525
18767728048
15234374 483
10365 521453
1 6 0 386218 35
1013 1166132
16782311457
144120 73837
14035616065
13324 548585
11360554417
12462184704
17465260641
7746285373
10763676275
13455676132
12507372146
14165880848
12822078504
13057168361
10005884750
16041660861
12076443577
17725757600
15054  61274
11616205531
12717863535
16436121086
1151é0353361
188171-50442
17438863145
12326142603
14543045816
18536356526
18672357643
14371653802
16817488518
15322263752
17751642835
18217862058
15625813481
17580864806
175865c53101
13806305520
16641446121
1712613|1080
15585355427
11511082584
13127238523
13181708530
11670446571
|11068545576
[13480104505
11266318336]
14048214033
11253115703
15110535710
17437351742
17511683468
11804133826
14824003224
18456448627
16008657445
15488023705
18800876133
15464623156
10665848---356
17121755431
186865/86837
6767246714
12087180548
15125753188
17421083113
12120633227
13182012404
16540026128
10445850682
12420011615
13811527553
15783032613
12448350573
16873406158
11061708767
13478840144
10077568310
16878828660
17517545707
12570667338
16260120430
13814344535
eval()16481786083
10???886018831
10431034467
10023816453
11444362302
10245564267
10550568444
11008387471
12550770160
10161835127
14883261852
11150775330
10754313185
13631181084
15058111610
11538842066
16808168586
15328000140
12525552843
13600156656
11220768502
12467288270
17071148828
16008565038
14315347878
17008201017
11763585518
2671377240
1485)4358051
10404711426
15357788(842
13228073502
14625104252
17485813648
11047002448
11483247147
11000855304
12540330265
17541854726
15875755026
13763215600
18682034551
13357621166
12674467446
17703363438
17230345643
10631116811
14886853032
17035262381
18681323272
14518117204
18055762311
17118057157
12777686827
18717720331
13245252526
18434336222
18737671243
10167435466
18681434517
12371442410
11045318612
17841015042
15057075553
13526507060
12535777026
18073088136
18121382531
14635748538
16473405115
12151415247
18618157815
14612404605
12120516070
10161380814
64843`50523
18124180438
11012116542
174645`41035
18267136820
14785~561853
14827170244
138451aer48206
16626014066
12427387707
18251530250
12572412777
128ear13863826
16037385844
14803841501
18228858101
13664877450
14451764330
11324317865
16807678647
18114573474
18888314303
13265700583
15224038648
16046318058
12802584852
15484128205
12550373785
15064831362
16852581532
12452533167
4265744428
17020364631
15634746321
13311026186
16200614042
16870248305
18413511656
13813640741
10085014726
16037161050
10183142012
18550411840
12436187107
18226738474
11487683157
12030212745
10773610580
18435"127582
13171084528
18110205426
11160123086
18034607837
17586826574
11440862171
11233110185
12304874141
11453514600
15712567640
18875630554
11620201114
10851543666
18112675802
17572888011
12353642052
13320185844
7224464278
8324410702
16233awer816231
15843877753
15755775532
18757wer710228
11521214668
13804070724
16007027680
11887641766
17648era472611
16014885216
16816361886
136566115r05
12804531502
17543062717
17655802246
12252611016
10561756385
12148??726575
17844221834
15486477607
15184133502
15764328362
12626558143
18864881264
17120440301
14710684374
12012663442
11516284615
11640234842
17651108731
13815548266
18048730042
16538440702
14042816505
18132306018
15066723402
12024005044
14118870270
11116625854
12211131586
16543010881
13416820221
17118053771
12152234712
12301001842
13654670182
12368754263
120(53711781
17511255628
16637171654
12041874446
17854754550
18011835123
14315171275
13675850256
10773383028
15765845667
16775240864
11068117264
13012254056
12106720550
16613541263
13464132326
11713527761
16732581412
18525863632
10681411640
18200766016
100123er06017
14587641061
1487a0354206
1563er4675138
18114765227
17004875504
18805233854
17243327783
14522120102
16500433657
10886464044
14067734488
17466701816
12227160577
12675762110
15506766637
186 64463273
10842781056
12207374733
1425 0328662
10027184030
17324711551
16205070880
14866272067
7130541623
1134741731
168450 35133
11433820276
14545233782
15551434134
153125    68172
15211675423
10515835325
17677   387535
13760407553
1820    5050482
16357562541
1127  3005482
16682112264
       11865036224
16460133656
12472403883
14828557734
15120402053
13405768013
128150hello10312
5435156260
15871187584
1-6826333080
1215-0641055
186628aew63753
150084waer85687
13227(432407